19


1. Хорошо обусловленная матрица

    -62.8000        -6.9700         7.7300         0.0000      -221.3100    @ 6
      0.0000        49.4000        -3.5600        -4.5700      -523.8800    @ -9
     -7.1100        -5.9700        97.6000        -7.5800      1121.6300    @ 12
      6.8100        -1.2900        -7.9500        42.2000       294.6700    @ 8


 2. Плохо обусловленная матрица

   -363.9420       -21.3080      4463.8320       738.5280       175.2200    @ 10
    -78.2070        -4.5710       959.2470       158.6970        37.9700    @ 32
     -0.0720         0.0000         0.8860         0.1440         0.1880    @ 2
   -181.5380       -10.6540      2226.5880       368.3980        86.4800    @-6
